confusion_matrix =

    0.9967    0.0100    0.0033         0         0
         0    0.9767         0    0.0233    0.0067
         0    0.0067    0.9967    0.0300    0.0067
    0.0033    0.0067         0    0.9467    0.0133
         0         0         0         0    0.9733
