confusion_matrix =

    0.9900         0         0         0         0
    0.0100    1.0000         0    0.0200    0.0100
         0         0    1.0000    0.0100         0
         0         0         0    0.9600         0
         0         0         0    0.0100    0.9900
